base: 1, next: 1
(0, -1), (0, -1), (0, -1), (0, -1), 

base: 2, next: 2
(0, -1), (0, -1), (0, -1), (0, -1), 

base: 2, next: 2
(0, -1), (1, 3), (0, -1), (0, -1), 

base: 2, next: 2
(0, -1), (1, 3), (1, 4), (0, -1), 

base: 2, next: 2
(0, -1), (1, 3), (1, 4), (0, -1), 

base: 5, next: 5
(0, -1), (0, -1), (0, -1), (0, -1), 

base: 6, next: 6
(0, -1), (0, -1), (0, -1), (0, -1), 

base: 7, next: 7
(0, -1), (0, -1), (0, -1), (0, -1), 

base: 0, next: 0
(0, -1), (0, -1), (0, -1), (0, -1), 

base: 1, next: 1
(0, -1), (0, -1), (0, -1), (0, -1), 

base: 2, next: 2
(0, -1), (0, -1), (0, -1), (0, -1), 

base: 2, next: 2
(0, -1), (0, -1), (0, -1), (0, -1), 

base: 2, next: 2
(0, -1), (0, -1), (0, -1), (0, -1), 

base: 2, next: 2
(0, -1), (0, -1), (1, 4), (0, -1), 

base: 3, next: 3
(0, -1), (1, 4), (0, -1), (0, -1), 

base: 5, next: 5
(0, -1), (0, -1), (0, -1), (0, -1), 

base: 5, next: 5
(0, -1), (0, -1), (0, -1), (0, -1), 

base: 5, next: 5
(0, -1), (0, -1), (0, -1), (0, -1), 

base: 5, next: 5
(0, -1), (0, -1), (0, -1), (0, -1), 

base: 5, next: 5
(0, -1), (0, -1), (0, -1), (0, -1), 

base: 5, next: 5
(0, -1), (0, -1), (0, -1), (0, -1), 

base: 5, next: 5
(0, -1), (0, -1), (0, -1), (0, -1), 

base: 5, next: 5
(0, -1), (0, -1), (0, -1), (0, -1), 

base: 5, next: 5
(0, -1), (1, 6), (0, -1), (0, -1), 

base: 5, next: 5
(0, -1), (1, 6), (1, 7), (0, -1), 

base: 5, next: 5
(0, -1), (1, 6), (1, 7), (1, 0), 

base: 5, next: 5
(0, -1), (1, 6), (1, 7), (1, 0), 

base: 5, next: 5
(0, -1), (1, 6), (1, 7), (1, 0), 

base: 1, next: 1
(0, -1), (0, -1), (0, -1), (0, -1), 

base: 2, next: 2
(0, -1), (0, -1), (0, -1), (0, -1), 

base: 3, next: 3
(0, -1), (0, -1), (0, -1), (0, -1), 

base: 4, next: 4
(0, -1), (0, -1), (0, -1), (0, -1), 

base: 5, next: 5
(0, -1), (0, -1), (0, -1), (0, -1), 

base: 5, next: 5
(0, -1), (0, -1), (0, -1), (0, -1), 

base: 5, next: 5
(0, -1), (0, -1), (0, -1), (0, -1), 

base: 5, next: 5
(0, -1), (0, -1), (0, -1), (0, -1), 

base: 5, next: 5
(0, -1), (0, -1), (0, -1), (0, -1), 

base: 5, next: 5
(0, -1), (0, -1), (0, -1), (0, -1), 

base: 5, next: 5
(0, -1), (1, 6), (0, -1), (0, -1), 

base: 5, next: 5
(0, -1), (1, 6), (1, 7), (0, -1), 

base: 5, next: 5
(0, -1), (1, 6), (1, 7), (1, 0), 

base: 1, next: 1
(0, -1), (0, -1), (0, -1), (0, -1), 

base: 1, next: 1
(0, -1), (0, -1), (0, -1), (0, -1), 

base: 1, next: 1
(0, -1), (0, -1), (0, -1), (0, -1), 

base: 1, next: 1
(0, -1), (1, 2), (0, -1), (0, -1), 

base: 1, next: 1
(0, -1), (1, 2), (1, 3), (0, -1), 

base: 1, next: 1
(0, -1), (1, 2), (1, 3), (1, 4), 

base: 5, next: 5
(0, -1), (0, -1), (0, -1), (0, -1), 

base: 6, next: 6
(0, -1), (0, -1), (0, -1), (0, -1), 

base: 7, next: 7
(0, -1), (0, -1), (0, -1), (0, -1), 

base: 0, next: 0
(0, -1), (0, -1), (0, -1), (0, -1), 

base: 0, next: 0
(0, -1), (0, -1), (0, -1), (0, -1), 

base: 0, next: 0
(0, -1), (0, -1), (0, -1), (0, -1), 

base: 1, next: 1
(0, -1), (0, -1), (0, -1), (0, -1), 

base: 1, next: 1
(0, -1), (0, -1), (0, -1), (0, -1), 

base: 1, next: 1
(0, -1), (0, -1), (0, -1), (0, -1), 

base: 1, next: 1
(0, -1), (0, -1), (0, -1), (0, -1), 

base: 1, next: 1
(0, -1), (0, -1), (0, -1), (0, -1), 

base: 1, next: 1
(0, -1), (0, -1), (0, -1), (0, -1), 

base: 1, next: 1
(0, -1), (1, 2), (0, -1), (0, -1), 

base: 1, next: 1
(0, -1), (1, 2), (0, -1), (1, 4), 

base: 3, next: 3
(0, -1), (1, 4), (0, -1), (0, -1), 

base: 3, next: 3
(0, -1), (1, 4), (0, -1), (0, -1), 

base: 5, next: 5
(0, -1), (0, -1), (0, -1), (0, -1), 

base: 5, next: 5
(0, -1), (0, -1), (0, -1), (0, -1), 

base: 5, next: 5
(0, -1), (0, -1), (0, -1), (0, -1), 

base: 5, next: 5
(0, -1), (0, -1), (0, -1), (0, -1), 

base: 5, next: 5
(0, -1), (0, -1), (0, -1), (0, -1), 

base: 5, next: 5
(0, -1), (0, -1), (0, -1), (0, -1), 

base: 6, next: 6
(0, -1), (0, -1), (0, -1), (0, -1), 

base: 7, next: 7
(0, -1), (0, -1), (0, -1), (0, -1), 

base: 0, next: 0
(0, -1), (0, -1), (0, -1), (0, -1), 

base: 1, next: 1
(0, -1), (0, -1), (0, -1), (0, -1), 

base: 1, next: 1
(0, -1), (0, -1), (0, -1), (0, -1), 

base: 1, next: 1
(0, -1), (0, -1), (0, -1), (0, -1), 

base: 1, next: 1
(0, -1), (0, -1), (0, -1), (0, -1), 

base: 1, next: 1
(0, -1), (0, -1), (0, -1), (0, -1), 

base: 1, next: 1
(0, -1), (0, -1), (0, -1), (0, -1), 

base: 1, next: 1
(0, -1), (0, -1), (0, -1), (0, -1), 

base: 1, next: 1
(0, -1), (0, -1), (0, -1), (0, -1), 

base: 1, next: 1
(0, -1), (1, 2), (0, -1), (0, -1), 

base: 1, next: 1
(0, -1), (1, 2), (1, 3), (0, -1), 

base: 1, next: 1
(0, -1), (1, 2), (1, 3), (1, 4), 

base: 1, next: 1
(0, -1), (1, 2), (1, 3), (1, 4), 

base: 5, next: 5
(0, -1), (0, -1), (0, -1), (0, -1), 

base: 5, next: 5
(0, -1), (0, -1), (0, -1), (0, -1), 

base: 5, next: 5
(0, -1), (0, -1), (0, -1), (0, -1), 

base: 5, next: 5
(0, -1), (0, -1), (0, -1), (0, -1), 

base: 5, next: 5
(0, -1), (1, 6), (0, -1), (0, -1), 

base: 5, next: 5
(0, -1), (1, 6), (1, 7), (0, -1), 

base: 5, next: 5
(0, -1), (1, 6), (1, 7), (1, 0), 

base: 1, next: 1
(0, -1), (0, -1), (0, -1), (0, -1), 

base: 1, next: 1
(0, -1), (0, -1), (0, -1), (0, -1), 

base: 2, next: 2
(0, -1), (0, -1), (0, -1), (0, -1), 

base: 3, next: 3
(0, -1), (0, -1), (0, -1), (0, -1), 

base: 4, next: 4
(0, -1), (0, -1), (0, -1), (0, -1), 

base: 4, next: 4
(0, -1), (0, -1), (0, -1), (0, -1), 

base: 5, next: 5
(0, -1), (0, -1), (0, -1), (0, -1), 

base: 5, next: 5
(0, -1), (0, -1), (0, -1), (0, -1), 

base: 6, next: 6
(0, -1), (0, -1), (0, -1), (0, -1), 

base: 7, next: 7
(0, -1), (0, -1), (0, -1), (0, -1), 

base: 7, next: 7
(0, -1), (1, 0), (0, -1), (0, -1), 

base: 7, next: 7
(0, -1), (1, 0), (0, -1), (0, -1), 

base: 1, next: 1
(0, -1), (0, -1), (0, -1), (0, -1), 

base: 1, next: 1
(0, -1), (0, -1), (0, -1), (0, -1), 

base: 2, next: 2
(0, -1), (0, -1), (0, -1), (0, -1), 

base: 3, next: 3
(0, -1), (0, -1), (0, -1), (0, -1), 

base: 3, next: 3
(0, -1), (1, 4), (0, -1), (0, -1), 

base: 3, next: 3
(0, -1), (1, 4), (0, -1), (0, -1), 

base: 5, next: 5
(0, -1), (0, -1), (0, -1), (0, -1), 

base: 5, next: 5
(0, -1), (0, -1), (0, -1), (0, -1), 

base: 5, next: 5
(0, -1), (0, -1), (0, -1), (0, -1), 

base: 6, next: 6
(0, -1), (0, -1), (0, -1), (0, -1), 

base: 7, next: 7
(0, -1), (0, -1), (0, -1), (0, -1), 

base: 0, next: 0
(0, -1), (0, -1), (0, -1), (0, -1), 

base: 1, next: 1
(0, -1), (0, -1), (0, -1), (0, -1), 

base: 1, next: 1
(0, -1), (0, -1), (0, -1), (0, -1), 

base: 1, next: 1
(0, -1), (0, -1), (0, -1), (0, -1), 

base: 1, next: 1
(0, -1), (0, -1), (0, -1), (0, -1), 

base: 1, next: 1
(0, -1), (1, 2), (0, -1), (0, -1), 

base: 1, next: 1
(0, -1), (1, 2), (1, 3), (0, -1), 

base: 1, next: 1
(0, -1), (1, 2), (1, 3), (1, 4), 

base: 5, next: 5
(0, -1), (0, -1), (0, -1), (0, -1), 

base: 5, next: 5
(0, -1), (0, -1), (0, -1), (0, -1), 

base: 5, next: 5
(0, -1), (0, -1), (0, -1), (0, -1), 

base: 5, next: 5
(0, -1), (0, -1), (0, -1), (0, -1), 

base: 5, next: 5
(0, -1), (0, -1), (0, -1), (0, -1), 

base: 5, next: 5
(0, -1), (0, -1), (0, -1), (0, -1), 

base: 5, next: 5
(0, -1), (0, -1), (0, -1), (0, -1), 

base: 6, next: 6
(0, -1), (0, -1), (0, -1), (0, -1), 

base: 7, next: 7
(0, -1), (0, -1), (0, -1), (0, -1), 

base: 0, next: 0
(0, -1), (0, -1), (0, -1), (0, -1), 

base: 1, next: 1
(0, -1), (0, -1), (0, -1), (0, -1), 

base: 1, next: 1
(0, -1), (0, -1), (0, -1), (0, -1), 

base: 1, next: 1
(0, -1), (0, -1), (0, -1), (0, -1), 

base: 1, next: 1
(0, -1), (0, -1), (0, -1), (0, -1), 

base: 1, next: 1
(0, -1), (1, 2), (0, -1), (0, -1), 

base: 1, next: 1
(0, -1), (1, 2), (1, 3), (0, -1), 

base: 1, next: 1
(0, -1), (1, 2), (1, 3), (1, 4), 

base: 5, next: 5
(0, -1), (0, -1), (0, -1), (0, -1), 

base: 5, next: 5
(0, -1), (0, -1), (0, -1), (0, -1), 

base: 5, next: 5
(0, -1), (0, -1), (0, -1), (0, -1), 

base: 5, next: 5
(0, -1), (0, -1), (0, -1), (0, -1), 

base: 5, next: 5
(0, -1), (1, 6), (0, -1), (0, -1), 

base: 5, next: 5
(0, -1), (1, 6), (1, 7), (0, -1), 

base: 0, next: 0
(0, -1), (0, -1), (0, -1), (0, -1), 

base: 1, next: 1
(0, -1), (0, -1), (0, -1), (0, -1), 

base: 2, next: 2
(0, -1), (0, -1), (0, -1), (0, -1), 

base: 3, next: 3
(0, -1), (0, -1), (0, -1), (0, -1), 

base: 4, next: 4
(0, -1), (0, -1), (0, -1), (0, -1), 

base: 4, next: 4
(0, -1), (0, -1), (0, -1), (0, -1), 

base: 4, next: 4
(0, -1), (0, -1), (0, -1), (0, -1), 

base: 4, next: 4
(0, -1), (0, -1), (0, -1), (0, -1), 

base: 5, next: 5
(0, -1), (0, -1), (0, -1), (0, -1), 

base: 5, next: 5
(0, -1), (0, -1), (0, -1), (0, -1), 

base: 6, next: 6
(0, -1), (0, -1), (0, -1), (0, -1), 

base: 7, next: 7
(0, -1), (0, -1), (0, -1), (0, -1), 

base: 7, next: 7
(0, -1), (1, 0), (0, -1), (0, -1), 

base: 7, next: 7
(0, -1), (1, 0), (0, -1), (0, -1), 

base: 1, next: 1
(0, -1), (0, -1), (0, -1), (0, -1), 

base: 1, next: 1
(0, -1), (0, -1), (0, -1), (0, -1), 

base: 1, next: 1
(0, -1), (0, -1), (0, -1), (0, -1), 

base: 2, next: 2
(0, -1), (0, -1), (0, -1), (0, -1), 

base: 3, next: 3
(0, -1), (0, -1), (0, -1), (0, -1), 

base: 4, next: 4
(0, -1), (0, -1), (0, -1), (0, -1), 

base: 5, next: 5
(0, -1), (0, -1), (0, -1), (0, -1), 

base: 5, next: 5
(0, -1), (0, -1), (0, -1), (0, -1), 

base: 5, next: 5
(0, -1), (0, -1), (0, -1), (0, -1), 

base: 5, next: 5
(0, -1), (0, -1), (0, -1), (0, -1), 

base: 5, next: 5
(0, -1), (0, -1), (0, -1), (0, -1), 

base: 5, next: 5
(0, -1), (1, 6), (0, -1), (0, -1), 

base: 5, next: 5
(0, -1), (1, 6), (1, 7), (0, -1), 

base: 5, next: 5
(0, -1), (1, 6), (1, 7), (1, 0), 

base: 5, next: 5
(0, -1), (1, 6), (1, 7), (1, 0), 

base: 5, next: 5
(0, -1), (1, 6), (1, 7), (1, 0), 

base: 5, next: 5
(0, -1), (1, 6), (1, 7), (1, 0), 

base: 5, next: 5
(0, -1), (1, 6), (1, 7), (1, 0), 

base: 1, next: 1
(0, -1), (0, -1), (0, -1), (0, -1), 

base: 1, next: 1
(0, -1), (0, -1), (0, -1), (0, -1), 

base: 2, next: 2
(0, -1), (0, -1), (0, -1), (0, -1), 

base: 3, next: 3
(0, -1), (0, -1), (0, -1), (0, -1), 

base: 4, next: 4
(0, -1), (0, -1), (0, -1), (0, -1), 

base: 5, next: 5
(0, -1), (0, -1), (0, -1), (0, -1), 

base: 5, next: 5
(0, -1), (0, -1), (0, -1), (0, -1), 

base: 5, next: 5
(0, -1), (0, -1), (0, -1), (0, -1), 

base: 5, next: 5
(0, -1), (0, -1), (0, -1), (0, -1), 

base: 6, next: 6
(0, -1), (0, -1), (0, -1), (0, -1), 

base: 6, next: 6
(0, -1), (1, 7), (0, -1), (0, -1), 

base: 6, next: 6
(0, -1), (1, 7), (1, 0), (0, -1), 

base: 1, next: 1
(0, -1), (0, -1), (0, -1), (0, -1), 

base: 1, next: 1
(0, -1), (0, -1), (0, -1), (0, -1), 

base: 2, next: 2
(0, -1), (0, -1), (0, -1), (0, -1), 

base: 3, next: 3
(0, -1), (0, -1), (0, -1), (0, -1), 

base: 4, next: 4
(0, -1), (0, -1), (0, -1), (0, -1), 

base: 5, next: 5
(0, -1), (0, -1), (0, -1), (0, -1), 

base: 5, next: 5
(0, -1), (0, -1), (0, -1), (0, -1), 

base: 5, next: 5
(0, -1), (0, -1), (0, -1), (0, -1), 

base: 5, next: 5
(0, -1), (0, -1), (0, -1), (0, -1), 

base: 6, next: 6
(0, -1), (0, -1), (0, -1), (0, -1), 

base: 6, next: 6
(0, -1), (0, -1), (0, -1), (0, -1), 

